Candy 49 2000 1000 125102 4000 2000 peice
Meat 0 50000 30000 166541 50000 30000 kg
Checken 2 30000 20000 177001 60000 40000 kg
Yougert 19 1000 500 179306 2000 1000 kg
Chips 24 10000 7000 126289 20000 14000 packet
Cans 49 2000 1000 125102 4000 2000 peice
Choca 0 50000 30000 166541 50000 30000 kg
hen 2 30000 20000 177001 60000 40000 kg
flour 19 1000 500 179306 2000 1000 kg
soap 24 10000 7000 126289 20000 14000 packet
koko 49 2000 1000 125102 4000 2000 peice
rost 0 50000 30000 166541 50000 30000 kg
wol 2 30000 20000 177001 60000 40000 kg
wink 19 1000 500 179306 2000 1000 litr
nono 24 10000 7000 126289 20000 14000 packet
moka 100 30000 10000 114481 0 0 
